SECRET_KEY="[ 237, 189, 124,  51, 131,  96, 213, 208,  13, 108, 184, 121,  21, 243, 184, 123,  40,  87, 125, 122, 168, 251,218, 181,  16, 244,  18,  31, 251, 155, 139, 152,  43,39, 169, 159,  10,  86, 245,  47, 159, 236,  36, 202,225, 160,  71, 230, 184, 132, 171, 141, 207, 108, 202, 106,  88,  41, 154, 132, 130,  73,  21, 175]"
OWNER_SECRET_KEY="[  228, 107, 254, 238, 221, 208, 243,  43, 134,  64,   3,   24, 150, 171, 108, 215,  74,  44, 208, 150, 141, 249,  202,  79,  96,  10, 234, 244,   3, 147, 216, 188, 247,  130, 101, 146, 163, 190,  12,  52, 201, 251, 183, 204,  154,  83,  48, 137,   7, 117, 216, 115, 131,  56,   8,   18,  24,  18, 115,  20,  54, 198,   6,  17]"
SWAP_PAYER_SECRET_KEY="[  121, 191, 181,  38, 232, 192, 161, 123,  97, 236,  86,   51,  32, 243, 175, 169,  74,  23, 172, 143, 192, 102,   47, 119, 182, 247,  88,   8,  22, 184,  65, 224, 236,    9, 200, 205,  70, 209,  22, 250, 205,  23, 138, 223,   12,   1, 174,  14, 145, 179, 153, 198, 101,  15,  77,  191, 218,  16,  92, 208,  16, 163,  93, 171]"
TOKEN_SWAP_ACCOUNT_SECRET_KEY="[
      227, 131,  61,  49, 211,  33, 204,  82, 106,  52, 234,
       99, 183,  61,  80, 102,  46,  27, 178, 167, 127, 124,
      218, 219, 229, 201, 110, 126,  44,  19,  31, 176,  89,
      163,  21, 164, 231, 150, 220,  55, 192, 182, 116, 193,
      121, 178, 186, 171,  80,   6, 164, 253, 151,  27, 243,
       82,  87, 126, 197,   4, 149, 152,  59,  48
    ]
"

TOKEN_POOL_MINT_ADDRESS="DX7oECacWFa5Ewu3rU6L5GGoYbvCjBa4Baabu2iLimzD"

TOKEN_POOL_ACCOUNT = 'Fh7szHGr8TsYtkU3ju7LErD6WHQv9w9P57YapUfxmAWt'
FEE_ACCOUNT = '7nX7TUy1shYUSaianLEDCnpkGfWWGe1cChNAJZYbEGNA'

TOKEN_A_ADDRESS="HtqPRp1YcxZKPbeTLKfrXsbgi4Ufq6ShM7VNV48FBzLk"
TOKEN_A_ACCOUNT="8ERLhKeDEYHMMfiLwKwsv7qrYmCoyCRubAdnCQJvJBnG"

TOKEN_B_ADDRESS="GqcNunRuKjkubzys8BS77EpZLB82J7ZcZcv86FUSB8sT"
TOKEN_B_ACCOUNT="AfTGd4BoJZiaETknGwAxcmpYrCg4qrppq8vPJgzWBWqz"